Car 0 0 0 0 0 0 0 1.66 1.65 4.13 43.13 -5.67 -1.08 0.54
Car 0 0 0 0 0 0 0 1.49 1.67 4.39 18.12 -20.86 -1.81 0.54681469
Car 0 0 0 0 0 0 0 1.64 1.66 4.04 35.95 -10.27 -1.36 0.56
Car 0 0 0 0 0 0 0 2.04 1.7 4.53 54.02 -21.73 -1.68 -0.04318531
Car 0 0 0 0 0 0 0 1.46 1.65 3.95 -32.58003006 0.30034765 -1.39 0.00095405
Car 0 0 0 0 0 0 0 2.15 1.87 4.8 61.42 9.03 -0.65 -2.59318531
car 0 0 0 0 0 0 0 1.5 1.6 3.9 73.12255145 -12.58228222 -0.80436323 -3.04559954
car 0 0 0 0 0 0 0 1.5 1.6 3.9 74.85274511 -20.37353405 -1.08235233 2.04203522
car 0 0 0 0 0 0 0 1.5 1.6 3.9 72.33892805 -22.31104385 -1.20150258 1.99840199
car 0 0 0 0 0 0 0 1.5 1.87 5.31 -16.8678898 -35.33668868 -3.08616206 -2.6790804
car 0 0 0 0 0 0 0 1.5 1.81 3.9 -16.50961989 -18.03415842 -2.20779358 -1.5271631
car 0 0 0 0 0 0 0 1.5 1.6 3.9 -22.27233713 -48.30186867 -3.69983473 0.60850074
car 0 0 0 0 0 0 0 1.5 1.6 3.9 -21.36220172 -19.26086658 -2.39128363 -1.35622921
car 0 0 0 0 0 0 0 1.5 1.6 3.9 -24.98313827 -19.24262273 -2.53546777 -1.49459891
car 0 0 0 0 0 0 0 1.5 1.764 3.9 47.53041846 0.57029911 -0.81921044 0.03138149
